113037
11703
94153
23054
22893
22856
46311
154677
18514
41710
152668
194588
157956
128801
145287
197605
100724
75056
76858
5969
8412
77433
72752
133387
198021
95877
32286
95566
117026
82686
159586
176563
86682
163085
38680
90651
126307
98196
1804
44277
37450
135173
68233
197740
100111
86813
163536
4208
36780
10305
74276
194656
10934
55027
7554
130129
132317
165617
108463
154238
37006
78954
89193
146124
18807
108446
77823
138295
147818
14353
61372
16671
24411
149291
115263
153257
151620
142063
19878
60371
189928
67798
154921
20120
19635
64199
64003
73596
173248
114294
75210
112245
3381
134102
79520
30326
79561
140796
182146
106777
169553
28204
124277
49262
26942
148383
152048
73154
109245
62322
45367
35708
95607
120136
125270
183491
24050
99569
88194
112438
161786
15269
107475
62260
62814
128605
71886
19208
69650
152015
170912
38959
41970
63108
186216
10568
149094
53143
125355
81944
19296
144140
39851
102902
9794
128010
5137
171353
19549
89974
33991
141820
140053
127918
9506
61867
87904
98207
120061
122158
167277
56324
32929
67919
155297
118459
143264
138056
188988
50821
161729
56910
58458
165466
141461
172724
161622
82919
153576
88062
157833
124966
74963
25091
81840
63255
184495
146813
43756
24800
161444
166513
146210
165182
198367
125493
88770
52647
113378
82147
37025
126047
143474
156694
78067
157738
112261
153356
199361
199736
32953
62435
77458
65373
159499
113596
138579
130148
27422
169775
75288
106160
93643
157745
77759
83891
117455
54239
40181
111690
93283
109929
50962
132020
119401
66654
67488
82734
164482
79503
64569
128684
11004
99107
13454
113397
108521
109367
1028
21468
183691
3439
85880
180566
121451
154270
90339
148093
195720
94542
106777
97056
57133
124972
109612
169924
170012
15251
19565
45372
106022
7923
131026
34976
37916
161374
166195
156653
96544
198127
75247
42489
149716
71191
28332
159313
37172
104709
175803
17073
640
176241
108313
7263
185873
25798
74449
63396
34509
106218
161496
5954
52861
30256
171717
192939
93932
61276
165196
102537
121450
194472
14996
187284
142431
48331
26422
94900
111574
119254
111138
67645
98476
44478
167839
174473
65443
117192
121455
145649
115670
168912
88336
61223
76487
78709
122783
176179
141460
80676
119512
16840
15688
16512
161656
86851
140046
115883
131651
102335
192065
106228
158753
96535
100062
164893
179236
196921
183707
194567
197029
89571
92177
828
88204
163902
176276
19737
173293
126035
114659
182998
88335
130414
55803
69940
54409
23694
156486
156418
31942
49413
78705
153675
12839
53426
9499
120735
3847
43673
15529
124988
78746
21212
95542
27802
161518
27416
47400
90832
186391
107538
9747
196121
195642
189574
149825
66323
95967
52754
141728
63551
25190
60322
13914
74306
165900
112770
187988
24828
103977
91765
115004
147501
75795
108340
111287
52420
84704
80582
60669
85190
91209
41208
125761
51607
114731
176506
129800
198313
97831
184278
185755
4286
139240
2765
34328
9947
91716
4944
152610
29899
49980
26904
60664
48076
42078
35298
132515
49627
20810
14475
140489
61399
26961
78787
146015
24212
58041
142897
73276
124095
191325
133795
95304
122985
106865
75184
88851
157810
180195
95469
171842
161747
148638
61896
115556
171655
152296
38916
175779
104471
33131
19281
89365
177985
112721
88455
81330
180228
160989
63738
178875
38324
103918
106743
149475
30604
41013
81268
48463
185932
176125
127231
145640
10249
158989
113061
44842
78135
85734
191374
155325
47879
166186
151282
114466
104378
128151
189372
37129
31495
86320
6137
110527
37861
123900
40637
75460
19702
195368
82963
103547
41680
147911
129182
178234
14376
126714
13520
140097
155869
120619
171142
12360
48351
2611
135871
196849
193082
161372
62392
109597
182083
195456
14245
70234
100637
147792
37837
74362
77288
138097
52803
36735
64520
174400
59772
70066
113549
175798
1362
100691
165572
117223
86548
44586
16473
49124
72711
16828
188583
73153
71166
79833
72478
82801
31505
81874
189712
93391
155114
107010
55633
83555
46647
183900
113531
61150
39627
43795
37823
62273
14082
80267
127292
85676
36068
117394
198216
44801
114208
30232
107643
83431
33768
27898
59735
192363
133160
94203
187347
148800
111652
192915
191555
98215
11693
172706
16869
48746
143295
101757
129546
63682
171962
124393
149662
83928
34811
174182
45974
92328
22935
110690
125302
40834
146099
161999
4413
131307
70083
6862
50669
125472
170141
125194
123194
186234
97337
24482
177551
31661
13512
80702
191543
96106
134701
46083
114543
113701
63004
189665
166981
124209
41422
1993
192620
149574
180382
105532
67232
19301
130307
177791
95088
157138
36010
127275
153325
